6625426449288254
2850938075739655
9409244035771683
0871043646305088
2018554886651352
9520261308943180
0842996730137490
6399004274054020
1861089524323346
5716136877569364
8426424793667933
3582021265136994
0053261378022008
4053187571072943
1846984421880599
7870995328651870
5140499973936849
6235365410791611
9281867110091385
1293982206618493
9728132006288633
9362079402101955
8634470841189532
5153444511608315
5727253070671810
4296547936155330
2930527132240693
3265079330646929
1436555713376117
5523555454667806
8969610527251206
1632271366752814
5574731702851899
4659977350746486
4098853393063113
7707806236994053
9243378754977669
4389195174358030
0842077526047767
8965872883116360
3056027438257675
0639583647244380
4428758618321358
1064088074375233
5285937198889493
3202507873482441
6004727774604843
9933522347720982
1774656548662229
1480928252561791
0376782885380768
2655511036150661
7421854610015955
4523224330982715
8541747579194206
0035131148064836
6298409783652479
5153034737112787
1687728451060864
9875225627432652
0920391099325639
9353347297664793
1188357805248583
7165524021890652
4835490916357642
9675751761002957
1570322797958850
4007652814820306
9042688693124749
8187245002751623
0842620081905068
2247776703776118
3797897743753699
7146043743055714
8708653284795607
2084236549712409
4103020990422019
2845429429576318
0592211385934733
3703527880935666
3721898576468141
4080806070243333
1200362409640235
1606377047991621
8275790455238643
3926633123718676
9371871510215719
0389942989324696
6068231053155316
6886090514908044
0937276991253531
7031186041774222
2392375106822326
3469002541466897
1091055430333095
6871888416272649
7854700033789645
9984922473569783
3731461397745881
6995090475243134
7797371875145637
8023730938085494
3010322781674919
5307982873865329
2418730591635811
6747186977404302
5370332759806500
6201629977598305
0465777415510848
9862624139316556
1210193484008287
8772780651372657
0183089858883225
2497909398939217
4743660735592476